1 0
2 0
3 2
4 0
5 0
6 0
7 0
8 0
9 0
10 1
11 0
12 0
13 0
14 1
15 1
16 2
17 0
18 0
19 0
20 0
21 0
22 0
23 0
24 0
25 0
26 0
27 0
28 2
29 0
30 0
31 0
32 0
33 0
34 0
35 0
36 0
37 0
38 0
39 0
40 0
41 2
42 0
43 0
44 0
45 1
46 0
47 0
48 0
49 0
50 0
51 0
52 0
53 0
54 0
55 1
56 0
57 0
58 0
59 1
60 1
61 2
62 0
63 0
64 0
65 0
66 0
67 0
68 2
69 0
70 0
71 2
72 0
73 0
74 0
75 0
76 0
77 0
78 0
79 0
80 0
81 0
82 2
83 0
84 0
85 0
86 0
87 0
88 0
89 1
90 1
91 0
92 1
93 2
94 0
95 0
96 0
97 0
98 0
99 0
100 0
101 0
102 0
103 2
104 0
105 0
106 0
107 0
108 2
109 1
110 0
111 1
112 0
113 1
114 0
115 1
116 0
117 0
118 0
119 1
120 0
121 1
122 1
123 2
124 0
125 0
126 0
127 0
128 2
129 0
130 0
131 1
132 0
133 0
134 2
135 0
136 0
137 0
138 0
139 1
140 1
141 1
142 0
143 0
144 0
145 0
146 1
147 0
148 1
149 0
150 0
151 0
152 0
153 1
154 0
155 0
156 0
157 1
158 2
159 0
160 0
161 0
162 0
163 0
164 1
165 0
166 1
167 2
168 0
169 1
170 0
171 0
172 1
173 1
174 0
175 2
176 1
177 1
178 0
179 2
180 0
181 1
182 2
183 0
184 0
185 0
186 1
187 0
188 0
189 0
190 1
191 0
192 0
193 0
194 0
195 0
196 0
197 1
198 0
199 0
200 2
201 0
202 0
203 1
204 0
205 0
206 0
207 0
208 1
209 1
210 0
211 0
212 0
213 0
214 0
215 1
216 1
217 0
218 0
219 0
220 1
221 1
222 0
223 0
224 1
225 0
226 0
227 1
228 0
229 1
230 0
231 0
232 0
233 0
234 0
235 2
236 0
237 0
238 0
239 1
240 0
241 0
242 0
243 0
244 0
245 1
246 1
247 1
248 0
249 0
250 1
251 1
252 1
253 0
254 0
255 1
256 0
257 0
258 0
259 1
260 2
261 1
262 0
263 1
264 0
265 1
266 0
267 2
268 1
269 0
270 0
271 0
272 0
273 1
274 0
275 0
276 0
277 1
278 0
279 0
280 0
281 0
282 2
283 0
284 0
285 0
286 0
287 0
288 1
289 2
290 0
291 0
292 1
293 1
294 0
295 0
296 0
297 0
298 0
299 1
300 2
301 0
302 0
303 0
304 0
305 1
306 1
307 2
308 0
309 0
310 0
311 0
312 1
313 0
314 0
315 2
316 1
317 0
318 0
319 1
320 0
321 2
322 0
323 1
324 0
325 2
326 2
327 0
328 1
329 0
330 0
331 2
332 0
333 1
334 0
335 0
336 1
337 0
338 1
339 1
340 0
341 0
342 0
343 0
344 0
345 0
346 0
347 0
348 2
349 0
350 0
351 0
352 1
353 0
354 0
355 0
356 0
357 1
358 0
359 0
360 0
361 0
362 0
363 0
364 0
365 0
366 0
367 0
368 2
369 0
370 1
371 0
372 0
373 0
374 1
375 0
376 0
377 2
378 0
379 0
380 0
381 0
382 0
383 0
384 0
385 0
386 0
387 1
388 0
389 0
390 0
391 0
392 0
393 2
394 1
395 0
396 2
397 1
398 0
399 1
400 2
401 0
402 1
403 0
404 0
405 0
406 1
407 0
408 0
409 1
410 0
411 0
412 2
413 0
414 1
415 1
416 0
417 1
418 1
419 2
420 0
421 0
422 2
423 0
424 0
425 0
426 0
427 1
428 0
429 0
430 1
431 0
432 0
433 2
434 0
435 1
436 0
437 0
438 1
439 0
440 0
441 0
442 2
443 0
444 0
445 1
446 1
447 2
448 0
449 0
450 0
451 1
452 2
453 0
454 0
455 0
456 1
457 0
458 0
459 0
460 1
461 0
462 0
463 0
464 0
465 1
466 1
467 2
468 1
469 0
470 0
471 1
472 0
473 2
474 1
475 1
476 0
477 1
478 2
479 2
480 0
481 0
482 2
483 2
484 0
485 1
486 0
487 0
488 0
489 1
490 0
491 2
492 2
493 0
494 0
495 2
496 1
497 2
498 0
499 1
500 1
501 0
502 0
503 0
504 2
505 0
506 0
507 1
508 0
509 0
510 1
511 0
512 0
513 0
514 0
515 1
516 0
517 0
518 0
519 0
520 2
521 0
522 0
523 0
524 0
525 0
526 1
527 0
528 2
529 0
530 0
531 0
532 0
533 0
534 1
535 1
536 0
537 0
538 1
539 1
540 0
541 0
542 1
543 0
544 1
545 2
546 0
547 0
548 1
549 2
550 0
551 2
552 1
553 0
554 1
555 0
556 2
557 0
558 0
559 0
560 0
561 0
562 0
563 0
564 0
565 2
566 1
567 0
568 1
569 0
570 0
571 0
572 1
573 1
574 0
575 1
576 2
577 0
578 2
579 0
580 2
581 0
582 0
583 0
584 0
585 1
586 1
587 0
588 0
589 1
590 1
591 2
592 1
593 0
594 0
595 1
596 0
597 0
598 0
599 0
600 1
601 0
602 1
603 1
604 0
605 1
606 0
607 1
608 0
609 0
610 2
611 0
612 2
613 0
614 0
615 1
616 1
617 0
618 0
619 0
620 1
621 0
622 1
623 0
624 1
625 0
626 0
627 0
628 0
629 0
630 0
631 2
632 0
633 0
634 0
635 0
636 0
637 0
638 1
639 0
640 0
641 0
642 0
643 0
644 0
645 0
646 0
647 0
648 2
649 1
650 0
651 0
652 0
653 1
654 1
655 0
656 1
657 0
658 1
659 0
660 0
661 0
662 0
663 0
664 1
665 0
666 1
667 0
668 1
669 0
670 0
671 0
672 0
673 0
674 0
675 0
676 0
677 2
678 0
679 0
680 0
681 1
682 0
683 0
684 2
685 0
686 0
687 0
688 0
689 0
690 1
691 0
692 0
693 0
694 2
695 2
696 1
697 0
698 1
699 0
700 0
701 0
702 2
703 0
704 0
705 1
706 1
707 2
708 0
709 2
710 0
711 0
712 0
713 1
714 0
715 0
716 0
717 0
718 0
719 1
720 0
721 2
722 2
723 0
724 1
725 1
726 1
727 0
728 1
729 1
730 0
731 0
732 1
733 1
734 2
735 1
736 0
737 1
738 0
739 0
740 0
741 0
742 0
743 0
744 1
745 1
746 1
747 2
748 1
749 2
750 2
751 1
752 0
753 0
754 2
755 0
756 2
757 1
758 0
759 1
760 0
761 2
762 0
763 1
764 1
765 1
766 2
767 0
768 0
769 0
770 1
771 1
772 1
773 0
774 0
775 2
776 0
777 2
778 0
779 1
780 1
781 1
782 0
783 1
784 1
785 1
786 1
787 1
788 1
789 0
790 0
791 0
792 0
793 0
794 1
795 0
796 1
797 2
798 2
799 0
800 0
801 1
802 0
803 0
804 2
805 1
806 1
807 0
808 0
809 2
810 2
811 0
812 0
813 1
814 0
815 0
816 0
817 0
818 0
819 1
820 1
822 0
823 0
824 0
825 2
826 0
827 0
828 0
829 1
830 0
831 0
832 0
833 0
834 1
835 0
836 1
837 0
838 1
839 0
840 0
841 0
842 1
843 1
844 0
845 2
846 0
847 1
848 0
849 0
850 2
851 0
852 0
853 1
854 0
855 0
856 1
857 0
858 2
859 1
860 2
861 1
862 1
863 1
864 0
865 1
866 2
867 1
868 0
869 0
870 0
871 0
872 1
873 0
874 1
875 0
876 0
877 0
878 0
879 0
880 1
881 1
882 1
883 0
884 1
885 0
886 0
887 1
888 0
889 2
890 1
891 2
892 1
893 0
894 0
895 0
896 0
897 2
898 1
899 0
900 1
901 0
902 1
903 2
904 1
905 1
906 2
907 1
908 0
909 1
910 2
911 0
912 0
913 0
914 1
915 0
916 2
917 0
918 0
919 0
920 0
921 0
922 1
923 0
924 1
925 1
926 0
927 1
928 0
929 0
930 0
931 2
932 0
933 1
934 0
935 1
936 1
937 0
938 0
939 0
940 0
941 2
942 2
943 0
944 0
945 0
946 0
947 1
948 0
949 2
950 0
951 0
952 0
953 2
954 0
955 0
956 0
957 0
958 0
959 0
960 0
961 1
962 0
963 0
964 0
965 0
966 2
967 0
968 1
969 0
970 1
971 2
972 0
973 0
974 0
975 1
976 1
977 0
978 0
979 2
980 0
981 2
982 2
983 1
984 1
985 0
986 0
987 0
988 1
989 0
990 1
991 0
992 0
993 0
994 1
995 0
996 0
997 0
998 1
999 0
1000 1
